-32768
-32703
-32639
-32575
-32511
-32447
-32383
-32319
-32255
-32191
-32127
-32063
-31999
-31935
-31871
-31807
-31743
-31678
-31614
-31550
-31486
-31422
-31358
-31294
-31230
-31166
-31102
-31038
-30974
-30910
-30846
-30782
-30718
-30653
-30589
-30525
-30461
-30397
-30333
-30269
-30205
-30141
-30077
-30013
-29949
-29885
-29821
-29757
-29693
-29628
-29564
-29500
-29436
-29372
-29308
-29244
-29180
-29116
-29052
-28988
-28924
-28860
-28796
-28732
-28668
-28603
-28539
-28475
-28411
-28347
-28283
-28219
-28155
-28091
-28027
-27963
-27899
-27835
-27771
-27707
-27643
-27579
-27514
-27450
-27386
-27322
-27258
-27194
-27130
-27066
-27002
-26938
-26874
-26810
-26746
-26682
-26618
-26554
-26489
-26425
-26361
-26297
-26233
-26169
-26105
-26041
-25977
-25913
-25849
-25785
-25721
-25657
-25593
-25529
-25464
-25400
-25336
-25272
-25208
-25144
-25080
-25016
-24952
-24888
-24824
-24760
-24696
-24632
-24568
-24504
-24439
-24375
-24311
-24247
-24183
-24119
-24055
-23991
-23927
-23863
-23799
-23735
-23671
-23607
-23543
-23479
-23415
-23350
-23286
-23222
-23158
-23094
-23030
-22966
-22902
-22838
-22774
-22710
-22646
-22582
-22518
-22454
-22390
-22325
-22261
-22197
-22133
-22069
-22005
-21941
-21877
-21813
-21749
-21685
-21621
-21557
-21493
-21429
-21365
-21300
-21236
-21172
-21108
-21044
-20980
-20916
-20852
-20788
-20724
-20660
-20596
-20532
-20468
-20404
-20340
-20275
-20211
-20147
-20083
-20019
-19955
-19891
-19827
-19763
-19699
-19635
-19571
-19507
-19443
-19379
-19315
-19251
-19186
-19122
-19058
-18994
-18930
-18866
-18802
-18738
-18674
-18610
-18546
-18482
-18418
-18354
-18290
-18226
-18161
-18097
-18033
-17969
-17905
-17841
-17777
-17713
-17649
-17585
-17521
-17457
-17393
-17329
-17265
-17201
-17136
-17072
-17008
-16944
-16880
-16816
-16752
-16688
-16624
-16560
-16496
-16432
-16368
-16304
-16240
-16176
-16111
-16047
-15983
-15919
-15855
-15791
-15727
-15663
-15599
-15535
-15471
-15407
-15343
-15279
-15215
-15151
-15087
-15022
-14958
-14894
-14830
-14766
-14702
-14638
-14574
-14510
-14446
-14382
-14318
-14254
-14190
-14126
-14062
-13997
-13933
-13869
-13805
-13741
-13677
-13613
-13549
-13485
-13421
-13357
-13293
-13229
-13165
-13101
-13037
-12972
-12908
-12844
-12780
-12716
-12652
-12588
-12524
-12460
-12396
-12332
-12268
-12204
-12140
-12076
-12012
-11947
-11883
-11819
-11755
-11691
-11627
-11563
-11499
-11435
-11371
-11307
-11243
-11179
-11115
-11051
-10987
-10923
-10858
-10794
-10730
-10666
-10602
-10538
-10474
-10410
-10346
-10282
-10218
-10154
-10090
-10026
-9962
-9898
-9833
-9769
-9705
-9641
-9577
-9513
-9449
-9385
-9321
-9257
-9193
-9129
-9065
-9001
-8937
-8873
-8808
-8744
-8680
-8616
-8552
-8488
-8424
-8360
-8296
-8232
-8168
-8104
-8040
-7976
-7912
-7848
-7783
-7719
-7655
-7591
-7527
-7463
-7399
-7335
-7271
-7207
-7143
-7079
-7015
-6951
-6887
-6823
-6758
-6694
-6630
-6566
-6502
-6438
-6374
-6310
-6246
-6182
-6118
-6054
-5990
-5926
-5862
-5798
-5734
-5669
-5605
-5541
-5477
-5413
-5349
-5285
-5221
-5157
-5093
-5029
-4965
-4901
-4837
-4773
-4709
-4644
-4580
-4516
-4452
-4388
-4324
-4260
-4196
-4132
-4068
-4004
-3940
-3876
-3812
-3748
-3684
-3619
-3555
-3491
-3427
-3363
-3299
-3235
-3171
-3107
-3043
-2979
-2915
-2851
-2787
-2723
-2659
-2594
-2530
-2466
-2402
-2338
-2274
-2210
-2146
-2082
-2018
-1954
-1890
-1826
-1762
-1698
-1634
-1570
-1505
-1441
-1377
-1313
-1249
-1185
-1121
-1057
-993
-929
-865
-801
-737
-673
-609
-545
-480
-416
-352
-288
-224
-160
-96
-32
31
95
159
223
287
351
415
479
544
608
672
736
800
864
928
992
1056
1120
1184
1248
1312
1376
1440
1504
1569
1633
1697
1761
1825
1889
1953
2017
2081
2145
2209
2273
2337
2401
2465
2529
2593
2658
2722
2786
2850
2914
2978
3042
3106
3170
3234
3298
3362
3426
3490
3554
3618
3683
3747
3811
3875
3939
4003
4067
4131
4195
4259
4323
4387
4451
4515
4579
4643
4708
4772
4836
4900
4964
5028
5092
5156
5220
5284
5348
5412
5476
5540
5604
5668
5733
5797
5861
5925
5989
6053
6117
6181
6245
6309
6373
6437
6501
6565
6629
6693
6757
6822
6886
6950
7014
7078
7142
7206
7270
7334
7398
7462
7526
7590
7654
7718
7782
7847
7911
7975
8039
8103
8167
8231
8295
8359
8423
8487
8551
8615
8679
8743
8807
8872
8936
9000
9064
9128
9192
9256
9320
9384
9448
9512
9576
9640
9704
9768
9832
9897
9961
10025
10089
10153
10217
10281
10345
10409
10473
10537
10601
10665
10729
10793
10857
10922
10986
11050
11114
11178
11242
11306
11370
11434
11498
11562
11626
11690
11754
11818
11882
11946
12011
12075
12139
12203
12267
12331
12395
12459
12523
12587
12651
12715
12779
12843
12907
12971
13036
13100
13164
13228
13292
13356
13420
13484
13548
13612
13676
13740
13804
13868
13932
13996
14061
14125
14189
14253
14317
14381
14445
14509
14573
14637
14701
14765
14829
14893
14957
15021
15086
15150
15214
15278
15342
15406
15470
15534
15598
15662
15726
15790
15854
15918
15982
16046
16110
16175
16239
16303
16367
16431
16495
16559
16623
16687
16751
16815
16879
16943
17007
17071
17135
17200
17264
17328
17392
17456
17520
17584
17648
17712
17776
17840
17904
17968
18032
18096
18160
18225
18289
18353
18417
18481
18545
18609
18673
18737
18801
18865
18929
18993
19057
19121
19185
19250
19314
19378
19442
19506
19570
19634
19698
19762
19826
19890
19954
20018
20082
20146
20210
20274
20339
20403
20467
20531
20595
20659
20723
20787
20851
20915
20979
21043
21107
21171
21235
21299
21364
21428
21492
21556
21620
21684
21748
21812
21876
21940
22004
22068
22132
22196
22260
22324
22389
22453
22517
22581
22645
22709
22773
22837
22901
22965
23029
23093
23157
23221
23285
23349
23414
23478
23542
23606
23670
23734
23798
23862
23926
23990
24054
24118
24182
24246
24310
24374
24438
24503
24567
24631
24695
24759
24823
24887
24951
25015
25079
25143
25207
25271
25335
25399
25463
25528
25592
25656
25720
25784
25848
25912
25976
26040
26104
26168
26232
26296
26360
26424
26488
26553
26617
26681
26745
26809
26873
26937
27001
27065
27129
27193
27257
27321
27385
27449
27513
27578
27642
27706
27770
27834
27898
27962
28026
28090
28154
28218
28282
28346
28410
28474
28538
28602
28667
28731
28795
28859
28923
28987
29051
29115
29179
29243
29307
29371
29435
29499
29563
29627
29692
29756
29820
29884
29948
30012
30076
30140
30204
30268
30332
30396
30460
30524
30588
30652
30717
30781
30845
30909
30973
31037
31101
31165
31229
31293
31357
31421
31485
31549
31613
31677
31742
31806
31870
31934
31998
32062
32126
32190
32254
32318
32382
32446
32510
32574
32638
32702
32767